first

50 0.45714285714285713		0.42857142857142855
45 0.4857142857142857		0.42857142857142855
30 0.4857142857142857		0.42857142857142855
25 0.4857142857142857		0.42857142857142855
20 0.4857142857142857		0.45714285714285713
15 0.45714285714285713		0.45714285714285713
10 0.4857142857142857		0.45714285714285713

last

45 0.37142857142857144		0.4857142857142857
30 0.45714285714285713		0.5142857142857142
25 0.6						0.5142857142857142
20 0.6						0.6571428571428571
15 0.6						0.6571428571428571
10 0.6285714285714286		0.6857142857142857