Geolife

Euclid

0.633333333333
0.000191358024691
0.611111111111
0.661111111111
0.630555555556

0.642777777778
0.000166975308642
0.627777777778
0.666666666667
0.641666666667

Paper 1

0.642777777778
0.000247222222222
0.616666666667
0.672222222222
0.641666666667

0.653888888889
0.000160802469136
0.633333333333
0.677777777778
0.652777777778

Paper 2

0.642777777778
0.000247222222222
0.616666666667
0.672222222222
0.641666666667

0.647222222222
0.000304012345679
0.627777777778
0.683333333333
0.644444444444

DTW

0.651111111111
0.000572839506173
0.611111111111
0.7
0.652777777778

0.648333333333
0.000204012345679
0.627777777778
0.672222222222
0.644444444444

Frechet

0.628888888889
0.00019012345679
0.605555555556
0.655555555556
0.625

0.632222222222
0.000146913580247
0.605555555556
0.65
0.636111111111

TDrive

Euclid

0.89
0.00042
0.86
0.92
0.89

Paper 1

0.872
0.000416
0.84
0.9
0.86

Paper 2

0.88
0.0012
0.82
0.92
0.89

DTW

0.884
0.000384
0.86
0.92
0.88

Frechet

0.878
0.000356
0.86
0.92
0.88
