Goelife 

DTW

0.6948186528497408
0.0013447340868211232
0.3471502590673575
0.7253886010362695
0.6994818652849741
set([0.6994818652849741])

0.9250847457627119
0.000403217466245332
0.8813559322033898
0.9830508474576272
0.923728813559322
set([0.923728813559322])

Euclid

0.6946632124352335
0.001368227334962012
0.3471502590673575
0.7202072538860104
0.6994818652849741
set([0.694300518134715, 0.7046632124352331])

0.9190677966101692
0.00040415828784831946
0.8728813559322034
0.9576271186440678
0.923728813559322
set([0.923728813559322])

Paper 1

0.6948704663212437
0.0013535370077049059
0.3471502590673575
0.7253886010362695
0.6994818652849741
set([0.694300518134715])

0.926101694915254
0.00039511634587762167
0.8728813559322034
0.9576271186440678
0.923728813559322
set([0.9322033898305084])

Paper 2

0.6992227979274617
0.00012637923165722555
0.6735751295336787
0.7253886010362695
0.6994818652849741
set([0.7046632124352331])

0.9233050847457628
0.00035819448434357967
0.8728813559322034
0.9661016949152542
0.923728813559322
set([0.9152542372881356])

Frechet

0.694974093264249
0.0013947515369540126
0.34196891191709844
0.7253886010362695
0.6994818652849741
set([0.694300518134715])

0.9228813559322032
0.00041582878483194474
0.8559322033898306
0.9830508474576272
0.923728813559322
set([0.9322033898305084, 0.923728813559322])

TDrive

DTW

0.31462962962962915
0.00017486282578875156
0.2777777777777778
0.3333333333333333
0.3148148148148148
set([0.3148148148148148])

0.5779545454545462
0.00012660123966942133
0.5681818181818182
0.5909090909090909
0.5795454545454546
set([0.5681818181818182])

Euclid

0.3137037037037033
0.00020452674897119313
0.2777777777777778
0.3333333333333333
0.3148148148148148
set([0.3148148148148148])

0.5745454545454551
0.0001041322314049584
0.5681818181818182
0.5909090909090909
0.5681818181818182
set([0.5681818181818182])

Paper 1

0.31425925925925885
0.00016087105624142668
0.2777777777777778
0.3333333333333333
0.3148148148148148
set([0.3148148148148148])

0.5772727272727279
0.00012396694214876033
0.5681818181818182
0.5909090909090909
0.5681818181818182
set([0.5681818181818182])

Paper 2

0.3137037037037034
0.00018395061728395054
0.2777777777777778
0.3333333333333333
0.3148148148148148
set([0.3148148148148148])

0.5756818181818187
0.0001142045454545451
0.5681818181818182
0.5909090909090909
0.5795454545454546
set([0.5681818181818182])

Frechet

0.3129629629629626
0.00019547325102880648
0.2777777777777778
0.3333333333333333
0.3148148148148148
set([0.3148148148148148])

0.5777272727272734
0.00012582644628099154
0.5681818181818182
0.5909090909090909
0.5681818181818182
set([0.5681818181818182])